Base Station: [6,6]
[0,0] --> 50000
[0.1,0] --> 50000
[0.1,0.1] --> 50000
[0.2,0.1] --> 50000
[0.2,0.2] --> 50000
[0.3,0.2] --> 50000
[0.3,0.3] --> 50000
[0.4,0.3] --> 50000
[0.4,0.4] --> 50000
[0.5,0.4] --> 50000
[0.5,0.5] --> 50000
[0.6,0.5] --> 50000
[0.6,0.6] --> 50000
[0.7,0.6] --> 50000
[0.7,0.7] --> 50000
[0.8,0.7] --> 50000
[0.8,0.8] --> 50000
[0.9,0.8] --> 50000
[0.9,0.9] --> 50000
[1,0.9] --> 50000
[1,1] --> 50000
[1.1,1] --> 50000
[1.1,1.1] --> 50000
[1.2,1.1] --> 50000
[1.2,1.2] --> 50000
[1.3,1.2] --> 50000
[1.3,1.3] --> 50000
[1.4,1.3] --> 50000
[1.4,1.4] --> 50000
[1.5,1.4] --> 50000
[1.5,1.5] --> 50000
[1.6,1.5] --> 50000
[1.6,1.6] --> 50000
[1.7,1.6] --> 50000
[1.7,1.7] --> 50000
[1.8,1.7] --> 50000
[1.8,1.8] --> 50000
[1.9,1.8] --> 50000
[1.9,1.9] --> 50000
[2,1.9] --> 50000
[2,2] --> 50000
[2.1,2] --> 50000
[2.1,2.1] --> 50000
[2.2,2.1] --> 50000
[2.2,2.2] --> 50000
[2.3,2.2] --> 50000
[2.3,2.3] --> 50000
[2.4,2.3] --> 50000
[2.4,2.4] --> 50000
[2.5,2.4] --> 50000
[2.5,2.5] --> 50000
[2.6,2.5] --> 50000
[2.6,2.6] --> 50000
[2.7,2.6] --> 50000
[2.7,2.7] --> 50000
[2.8,2.7] --> 50000
[2.8,2.8] --> 50000
[2.9,2.8] --> 50000
[2.9,2.9] --> 50000
[3,2.9] --> 50000
[3,3] --> 50000
[3.1,3] --> 50000
[3.1,3.1] --> 50000
[3.2,3.1] --> 50000
[3.2,3.2] --> 50000
[3.3,3.2] --> 50000
[3.3,3.3] --> 50000
[3.4,3.3] --> 50000
[3.4,3.4] --> 50000
[3.5,3.4] --> 50000
[3.5,3.5] --> 50000
[3.6,3.5] --> 50000
[3.6,3.6] --> 50000
[3.7,3.6] --> 50000
[3.7,3.7] --> 50000
[3.8,3.7] --> 50000
[3.8,3.8] --> 50000
[3.9,3.8] --> 50000
[3.9,3.9] --> 50000
[4,3.9] --> 50000
[4,4] --> 50000
[4.1,4] --> 50000
[4.1,4.1] --> 50000
[4.2,4.1] --> 50000
[4.2,4.2] --> 50000
[4.3,4.2] --> 50000
[4.3,4.3] --> 50000
[4.4,4.3] --> 50000
[4.4,4.4] --> 50000
[4.5,4.4] --> 50000
[4.5,4.5] --> 50000
[4.6,4.5] --> 50000
[4.6,4.6] --> 50000
[4.7,4.6] --> 50000
[4.7,4.7] --> 50000
[4.8,4.7] --> 50000
[4.8,4.8] --> 50000
[4.9,4.8] --> 50000
[4.9,4.9] --> 50000
[5,4.9] --> 50000
[5,5] --> 50000
[5.1,5] --> 50000
[5.1,5.1] --> 50000
[5.2,5.1] --> 50000
[5.2,5.2] --> 50000
[5.3,5.2] --> 50000
[5.3,5.3] --> 50000
[5.4,5.3] --> 50000
[5.4,5.4] --> 50000
[5.5,5.4] --> 50000
[5.5,5.5] --> 50000
[5.6,5.5] --> 50000
[5.6,5.6] --> 50000
[5.7,5.6] --> 50000
[5.7,5.7] --> 50000
[5.8,5.7] --> 50000
[5.8,5.8] --> 50000
[5.9,5.8] --> 50000
[5.9,5.9] --> 50000
[6,5.9] --> 50000
[6,6] --> 50000
